3298
1000
5
3352
10
10
3340
1
10
3306
2200
5
3250
10
5
3286
330
5
3274
100
5
3290
470
5
3214
0.47
5
3312
4700
5
3276
120
5
3356
22
10
3242
4.7
5
3258
22
5
3357
27
10
3353
12
10
3375
820
10
3362
68
10
3282
220
5
3346
3.3
10
3244
5.6
5
3246
6.8
5
3350
6.8
10
3310
3300
5
3254
15
5
3272
82
5
3302
1500
5
3364
100
10
3372
470
10
3296
820
5
3206
0.1
5
3248
8.2
5
3347
3.9
10
3252
12
5
3294
680
5
3348
4.7
10
3369
270
10
3354
15
10
3220
1
5
3240
3.9
5
3344
2.2
10
3278
150
5
3268
56
5
3280
180
5
3234
2.2
5
3351
8.2
10
3270
68
5
3284
270
5
3360
47
10
3292
560
5
3262
33
5
3208
0.22
5
3238
3.3
5
3349
5.6
10
3266
47
5
3230
1.5
5
3256
18
5
3264
39
5
3355
18
10
3260
27
5
3236
2.7
5
3288
390
5
3232
1.8
5
